<?xml version="1.0" encoding="UTF-8" standalone="no"?>
<!-- Created with Inkscape (http://www.inkscape.org/) -->

<svg
   version="1.1"
   id="svg1"
   width="1066.6667"
   height="1066.6667"
   viewBox="0 0 1066.6667 1066.6667"
   sodipodi:docname="modern-geometric-islamic-arabic-pattern-shape-701751694701766jilc7hhig9_bw.png"
   inkscape:version="1.4 (e7c3feb1, 2024-10-09)"
   xmlns:inkscape="http://www.inkscape.org/namespaces/inkscape"
   xmlns:sodipodi="http://sodipodi.sourceforge.net/DTD/sodipodi-0.dtd"
   xmlns="http://www.w3.org/2000/svg"
   xmlns:svg="http://www.w3.org/2000/svg">
  <defs
     id="defs1" />
  <sodipodi:namedview
     id="namedview1"
     pagecolor="#ffffff"
     bordercolor="#000000"
     borderopacity="0.25"
     inkscape:showpageshadow="2"
     inkscape:pageopacity="0.0"
     inkscape:pagecheckerboard="0"
     inkscape:deskcolor="#d1d1d1"
     inkscape:zoom="0.39959756"
     inkscape:cx="543.04636"
     inkscape:cy="508.01111"
     inkscape:window-width="1472"
     inkscape:window-height="853"
     inkscape:window-x="0"
     inkscape:window-y="37"
     inkscape:window-maximized="1"
     inkscape:current-layer="g1" />
  <g
     inkscape:groupmode="layer"
     inkscape:label="Image"
     id="g1">
    <path
       style="fill:#000000"
       d="M 521.50759,1020.0617 C 464.00578,989.44364 419.4036,945.92091 396.86157,898.43239 c -3.28863,-6.92806 -6.0644,-12.77223 -6.16836,-12.98705 -0.10396,-0.21482 -3.41326,0.87586 -7.35399,2.42375 -12.78156,5.02048 -24.12216,7.92303 -44.1894,11.31001 -40.72305,6.87329 -88.42816,3.46068 -133.64225,-9.56016 -18.20913,-5.24389 -18.58802,-5.53192 -22.02579,-16.74397 -8.08111,-26.35591 -13.35603,-56.24401 -14.77314,-83.70572 -1.96841,-38.1449 2.52829,-70.44299 13.9556,-100.23782 l 3.41516,-8.90447 -3.76722,-0.82742 c -4.75715,-1.04485 -28.46875,-14.24875 -41.00585,-22.83428 -22.86486,-15.65808 -48.963699,-41.90323 -66.002319,-66.37234 -4.14529,-5.95303 -8.80415,-12.42928 -10.35302,-14.39167 -3.63028,-4.5995 -21.44343,-37.25592 -21.44343,-39.31174 0,-2.61374 8.76315,-18.59683 20.8724,-38.06912 13.58917,-21.85208 47.470969,-60.96962 59.794269,-69.03426 2.2,-1.43973 9.35579,-6.80276 15.90175,-11.91784 6.64787,-5.19472 19.00814,-12.91724 28,-17.49402 8.85404,-4.50662 16.2834,-8.37153 16.50969,-8.58868 0.22629,-0.21714 -0.57712,-2.70966 -1.78537,-5.53893 -2.53037,-5.92517 -4.54241,-12.88234 -9.3894,-32.46642 -9.73948,-39.35195 -6.98123,-97.46873 6.8065,-143.41416 3.26368,-10.87571 6.39753,-20.23758 6.96411,-20.80416 1.1158,-1.11579 17.84238,-6.1712 36.99272,-11.1806 6.6,-1.72644 22.5,-4.44211 35.33334,-6.03482 19.2857,-2.39349 27.14968,-2.75144 45.33334,-2.06347 12.1,0.4578 27.33148,1.71375 33.84774,2.791 9.66714,1.59815 40.07069,9.87735 48.94676,13.32871 1.5943,0.61992 2.68408,-0.62916 4.34634,-4.98172 2.59044,-6.78297 13.88877,-27.00819 19.91604,-35.65182 15.26487,-21.8912 42.24812,-49.286065 65.58825,-66.588775 13.28581,-9.84916 27.51912,-19.36137 34.24061,-22.88322 1.95382,-1.02374 7.22177,-3.81135 11.70655,-6.19468 4.48478,-2.38334 9.04134,-4.33334 10.12568,-4.33334 4.46192,0 34.60025,17.52026 55.74467,32.40595 15.20501,10.70434 37.33669,31.550605 54.65807,51.483505 7.52616,8.66088 24.00996,34.35588 29.13063,45.40894 2.87888,6.2141 5.37894,11.44299 5.5557,11.61974 0.17675,0.17676 7.14715,-2.08295 15.48979,-5.02157 24.92694,-8.7803 41.76353,-11.15514 79.36987,-11.19529 35.84439,-0.0383 43.10929,0.80833 76.66669,8.93406 30.3798,7.35631 30.8082,7.56018 33.7404,16.05652 3.2895,9.53168 5.4425,17.6302 9.4822,35.6675 4.8061,21.45901 6.0146,31.77603 6.947,59.30734 0.7646,22.57673 -0.1241,35.13615 -4.1994,59.35229 -1.1115,6.60478 -5.8748,23.48183 -9.2142,32.64771 -1.8703,5.13334 -2.8533,9.51739 -2.1846,9.74233 3.9458,1.32725 24.4636,11.7667 30.0953,15.31244 33.3675,21.00849 61.8995,49.45869 87.1727,86.923 12.7621,18.91809 22.8273,37.46512 22.8273,42.06333 0,1.52183 -3.3,8.48265 -7.3333,15.46851 -4.0334,6.98585 -7.3334,12.9734 -7.3334,13.30566 0,1.58853 -13.6817,21.33297 -23.4569,33.85142 -17.6292,22.5764 -40.3717,44.43852 -61.2098,58.84045 -7.135,4.93125 -27.7638,17.15955 -28.9477,17.15955 -0.3923,0 -3.4727,1.22061 -6.8453,2.71247 l -6.132,2.71247 2.7771,6.9542 c 18.5198,46.37621 19.824,117.79416 3.1585,172.95421 -1.6617,5.5 -3.6967,12.47882 -4.5221,15.5085 -0.8254,3.02967 -2.248,6.09944 -3.1613,6.8217 -2.264,1.79043 -24.8807,9.07481 -36.3272,11.70023 -25.8803,5.93605 -44.7488,7.94704 -73.33332,7.8158 -20.51888,-0.0942 -31.38433,-0.75334 -40.66667,-2.46696 -14.91076,-2.75268 -33.65353,-7.48978 -44.13749,-11.15542 l -7.47081,-2.61212 -6.48045,12.8608 c -7.62477,15.13178 -19.30077,33.14586 -29.94118,46.19414 -15.51765,19.02923 -44.65995,44.86208 -67.30342,59.66031 -13.0831,8.5502 -38.20414,22.3447 -40.63599,22.3141 -1.11687,-0.014 -7.43068,-2.901 -14.03068,-6.4153 z m -5.33227,-72.22623 c 4.94601,-2.12011 15.33227,-10.5509 15.33227,-12.44559 0,-0.21864 0.61233,-3.70991 1.36072,-7.75836 2.35008,-12.71274 -3.80832,-34.76338 -14.44802,-51.7323 -2.8402,-4.52975 -4.12259,-7.83434 -3.40221,-8.76715 3.84902,-4.98399 13.99029,-20.89016 15.98254,-25.06794 2.7005,-5.66301 4.33957,-5.69697 7.18282,-0.14881 2.56072,4.99686 8.27869,14.38279 9.29279,15.25393 0.42683,0.36667 2.65507,2.98855 4.95164,5.8264 l 4.17557,5.15974 -4.81652,7.50693 c -7.11651,11.09165 -10.57453,18.83559 -12.96979,29.04476 -5.71801,24.3715 0.63371,39.91439 18.23513,44.62205 27.68696,7.40514 75.35505,-39.10951 89.95206,-87.77545 3.12854,-10.43042 4.50328,-23.96274 4.50328,-44.32816 0,-0.39159 3.62925,3.06658 8.065,7.68482 14.83017,15.44029 38.29007,28.15021 63.26834,34.27703 13.69045,3.35807 16.13099,3.55672 36.66667,2.98446 18.04859,-0.50294 23.51509,-1.1357 30.43519,-3.52296 12.3333,-4.25464 18.2596,-8.67689 22.1853,-16.55468 5.2349,-10.50512 4.4093,-18.67028 -2.9725,-29.39704 -6.4561,-9.38159 -29.2151,-21.97523 -45.84287,-25.36699 l -8.35746,-1.70477 -1.65301,-11.22807 c -0.90915,-6.17544 -2.57838,-14.22808 -3.7094,-17.89474 -2.6127,-8.4702 -2.5914,-9.15764 0.24808,-8.00384 2.66352,1.0823 16.10098,4.13906 27.16976,6.1806 l 7.5032,1.38389 2.1923,8.88413 c 2.9401,11.91407 12.6072,31.45075 19.3524,39.11022 6.7496,7.66441 14.869,11.77834 23.2461,11.77834 14.3657,0 22.6163,-7.7652 29.0421,-27.33334 2.7046,-8.23606 3.0685,-11.99814 3.0954,-32 0.028,-20.61301 -0.297,-23.84561 -3.5839,-35.67879 -6.7142,-24.17148 -18.1906,-45.0179 -32.6282,-59.26813 -4.614,-4.55414 -8.3891,-8.60414 -8.3891,-9 0,-0.39587 5.2898,-0.71976 11.7551,-0.71976 20.2601,0 38.7801,-4.80878 57.5782,-14.95037 20.9212,-11.28704 35.2373,-23.11605 47.2599,-39.04963 9.9257,-13.15456 13.9124,-21.40158 14.8963,-30.81495 2.3861,-22.82917 -17.3205,-34.90576 -45.2971,-27.75888 -8.5359,2.18059 -26.7721,10.73862 -32.5243,15.26328 l -3.3286,2.61831 -6.1698,-5.11051 c -3.3933,-2.81078 -10.5197,-7.6315 -15.8364,-10.7127 -5.3167,-3.0812 -9.6667,-5.79016 -9.6667,-6.0199 0,-0.22975 4.65,-3.21038 10.3334,-6.62362 5.6833,-3.41324 12.7992,-8.04513 15.8131,-10.29308 l 5.4799,-4.08719 7.1868,4.59545 c 9.4994,6.07418 22.1844,11.04852 34.8587,13.66963 8.538,1.7657 11.6347,1.86175 17.9875,0.5579 15.2372,-3.12726 24.3002,-18.55725 20.5197,-34.93524 -4.0768,-17.66131 -28.0145,-44.97651 -51.8738,-59.19278 -10.6931,-6.37137 -29.784,-14.69314 -36.3053,-15.82557 -2.5666,-0.44571 -7.3666,-1.4384 -10.6666,-2.20598 -3.3,-0.76758 -11.8325,-1.78454 -18.9611,-2.2599 l -12.961,-0.86428 8.3273,-8.66667 c 10.7188,-11.15558 14.5151,-16.35803 20.1019,-27.54765 16.285,-32.61643 20.8147,-70.44126 12.0834,-100.90056 -4.5453,-15.85647 -16.6616,-26.28594 -30.4249,-26.18919 -17.3336,0.12185 -36.1324,25.61303 -41.3883,56.12263 l -0.8301,4.81858 -8.6411,0.8853 c -4.75255,0.48692 -12.39068,2.06082 -16.97359,3.49756 -13.27829,4.16273 -12.93457,4.49875 -9.53529,-9.32153 1.61906,-6.58251 3.35297,-14.94372 3.85316,-18.58048 l 0.90942,-6.61228 6.36678,-1.36543 c 8.3767,-1.79648 26.33502,-8.41112 31.51092,-11.60651 6.8906,-4.25394 16.1841,-13.07349 19.2479,-18.26614 5.7996,-9.82958 2.5339,-25.40892 -7.099,-33.8666 -6.2779,-5.51203 -22.3503,-10.61193 -37.25472,-11.82127 -25.7559,-2.08982 -58.0784,4.66406 -81.18056,16.96292 -9.01293,4.7982 -27.8797,19.6515 -30.98888,24.39672 -1.22308,1.86665 -2.68118,3.39392 -3.24022,3.39392 -0.55905,0 -1.11649,-4.69224 -1.23876,-10.42719 -0.30607,-14.3561 -2.52165,-27.19157 -6.60065,-38.23948 -1.89528,-5.13334 -4.23523,-11.50777 -5.1999,-14.16541 -2.4787,-6.82877 -9.00899,-17.62144 -17.24518,-28.50126 -15.66387,-20.69163 -38.41918,-37.83755 -53.14756,-40.0462 -13.40238,-2.00981 -28.12911,6.77685 -31.36336,18.71286 -3.94474,14.5581 1.4613,36.16291 14.08368,56.28428 2.39823,3.82302 3.83565,7.27527 3.19426,7.67166 -1.48284,0.91645 -15.73465,22.51307 -17.69313,26.81146 -0.81008,1.77793 -1.82656,3.22549 -2.25885,3.21679 -0.43229,-0.009 -2.69266,-3.4587 -5.02305,-7.66667 -4.30285,-7.76962 -6.2081,-10.50216 -12.76293,-18.30486 -4.44057,-5.28592 -4.44616,-5.39011 -0.56682,-10.55347 4.58209,-6.09868 8.47101,-13.67684 12.22533,-23.82296 2.65094,-7.16421 3.34149,-11.51292 3.34149,-21.04283 0,-18.42786 -4.64912,-26.05171 -18.33317,-30.06363 -12.26811,-3.59679 -25.67799,0.87728 -42.29292,14.11062 -22.25608,17.72636 -38.07412,40.86773 -47.34725,69.26777 -5.10679,15.64013 -6.85899,27.45445 -5.79778,39.09185 0.45139,4.95 0.39036,9 -0.13563,9 -0.52598,0 -3.91342,-3.23553 -7.52765,-7.19006 -12.55752,-13.73994 -34.83702,-26.55013 -58.56561,-33.67386 -12.00322,-3.60357 -13.99357,-3.80275 -38.00001,-3.80275 -22.94535,0 -26.22893,0.29353 -34.83449,3.11398 -5.22563,1.71269 -11.75303,4.97017 -14.50533,7.23885 -5.59001,4.60775 -11.3008,15.54703 -11.3008,21.64717 0,5.84442 5.55641,16.6059 11.48124,22.23649 8.83568,8.39687 31.94303,19.01916 46.48019,21.36662 2.19722,0.35481 3.02534,2.37694 4.81032,11.74608 1.18591,6.22461 3.1092,14.46748 4.274,18.31748 2.11049,6.97581 2.10759,7 -0.83713,7 -1.62521,0 -7.14287,-1.14128 -12.26146,-2.53618 -5.1186,-1.39491 -12.34495,-2.93586 -16.05857,-3.42435 l -6.75203,-0.88816 -1.61508,-7.81946 c -1.54799,-7.4946 -5.31603,-17.24523 -11.07741,-28.66518 -3.82118,-7.57418 -14.11878,-17.85639 -21.01125,-20.97984 -15.59863,-7.06881 -31.3492,1.33281 -38.52269,20.54864 -4.95583,13.27532 -6.54715,40.96353 -3.43483,59.76454 1.48242,8.95504 7.55209,27.41647 12.64344,38.45612 6.39091,13.85747 15.42204,26.81219 24.90045,35.71848 l 7.28073,6.84127 h -11.85831 c -32.99263,0 -69.59077,16.2605 -95.18615,42.29107 -12.93783,13.1578 -19.97914,23.57779 -24.00172,35.51866 -4.49235,13.33531 -0.9162,25.84776 9.32435,32.62464 13.24429,8.76465 41.82027,4.08208 63.0439,-10.33061 l 7.79889,-5.29613 4.46734,3.92238 c 3.99289,3.5058 11.19769,8.44886 22.57311,15.48691 4.47383,2.76799 3.76922,3.84436 -5.82071,8.89182 -3.3,1.73689 -9.52863,5.7741 -13.8414,8.97158 l -7.8414,5.81361 -3.49194,-2.51201 c -9.63471,-6.93096 -30.48449,-14.99118 -43.79894,-16.93202 -17.09144,-2.49141 -31.16293,7.69193 -34.38867,24.88657 -3.23927,17.26684 25.9253,54.32893 56.5405,71.85119 20.01534,11.45555 45.23845,18.44957 66.56981,18.4589 l 9.74796,0.004 -9.51843,9.66666 c -8.73329,8.8693 -22.64416,29.41288 -22.64416,33.44091 0,0.93084 -0.53676,2.26243 -1.19279,2.9591 -2.73672,2.90623 -8.13693,21.31263 -10.06761,34.31504 -5.29162,35.63728 0.46361,67.04548 14.09479,76.91985 15.41216,11.16451 31.71272,7.23458 43.76449,-10.55124 7.71931,-11.39205 10.73037,-18.0951 14.05598,-31.29061 l 3.05616,-12.12637 7.14449,-1.08422 c 3.92947,-0.59632 10.7445,-1.99623 15.1445,-3.11093 14.71833,-3.72873 15.72049,-3.79476 14.83473,-0.97741 -3.00835,9.56868 -6.16807,24.48628 -6.16807,29.12054 v 5.52141 l -12.33333,3.05 c -21.26716,5.25932 -41.02588,18.05579 -46.50575,30.11885 -6.54661,14.41127 0.69758,30.27979 17.14339,37.5529 26.36655,11.66054 67.5461,8.63567 102.54152,-7.53226 13.92344,-6.43265 21.55764,-11.65748 32.82085,-22.4625 l 9,-8.63388 0.0209,11.21875 c 0.0278,14.91043 4.06362,33.30519 10.73124,48.91121 6.59941,15.44635 12.31836,24.66056 22.94865,36.97422 10.76287,12.46722 15.87369,17.10912 26.94503,24.47282 16.31991,10.85458 26.12815,13.00589 37.35526,8.19339 z m -76.41735,-64.33288 c -6.02836,-11.05827 -8.82743,-18.90641 -7.74712,-21.72166 0.4499,-1.17243 2.53248,-1.94501 5.24298,-1.94501 19.17658,0 43.59112,-19.90647 57.46891,-46.85745 9.83924,-19.10803 13.03694,-31.82043 13.12497,-52.17818 l 0.0737,-17.03562 4.12644,-1.89146 c 4.42115,-2.02654 18.40129,-5.09516 22.7931,-5.00305 3.30221,0.0693 18.69865,3.8704 23.69877,5.85085 3.61493,1.43181 3.6811,1.64992 2.91931,9.62329 -0.4287,4.48705 -0.11938,13.46373 0.68738,19.94816 5.42398,43.59602 37.19372,84.39247 67.88696,87.17564 10.01637,0.90825 10.17857,1.80381 3.11023,17.17269 -8.02404,17.44686 -7.78963,17.2289 -16.37398,15.22453 -18.57805,-4.33782 -30.75497,-9.64671 -44.78341,-19.52464 -14.32439,-10.08633 -25.98954,-25.95958 -33.76601,-45.94677 l -3.71812,-9.55636 -3.01224,9.16585 c -4.64245,14.12631 -12.62563,26.65853 -24.61125,38.63545 -8.79858,8.79217 -13.15853,11.95778 -23.42421,17.00751 -11.16457,5.49189 -29.89279,11.4449 -36.18671,11.50242 -1.41685,0.013 -4.17634,-3.53162 -7.50967,-9.64619 z m -99.74958,-39.16934 c -20.12425,-31.45927 -23.29857,-65.33598 -9.20288,-98.21412 4.24636,-9.90459 4.31907,-10.34338 1.57686,-9.51464 -1.58114,0.47785 -4.6748,1.94598 -6.8748,3.26252 -9.53745,5.70749 -23.14275,8.48029 -42,8.55973 -15.54181,0.0655 -19.27462,-0.3553 -27.33333,-3.08117 -9.43978,-3.193 -29.48178,-13.07134 -35.00484,-17.25324 l -3.00482,-2.27518 2.71395,-9.79363 c 2.42717,-8.75872 5.54452,-16.08645 9.06684,-21.31277 0.95192,-1.41244 2.61827,-0.77836 7.8701,2.9947 12.77574,9.17846 17.84705,10.70648 35.6921,10.75427 25.77375,0.069 37.43072,-2.57211 56.66667,-12.83905 13.21148,-7.05146 21.84742,-13.67779 30.64178,-23.51135 l 7.22993,-8.08426 4.52679,1.89142 c 10.80204,4.51338 19.56003,11.85788 26.60151,22.30815 3.85,5.7138 6.9959,11.7138 6.99089,13.33334 -0.006,1.8725 -1.73146,4.11766 -4.73967,6.16649 -8.60471,5.86051 -19.9586,20.58628 -27.11553,35.16831 -9.92469,20.22126 -11.98781,29.49989 -11.62381,52.27648 0.34019,21.28651 1.97195,26.63399 11.65711,38.20185 l 5.43602,6.49272 -9.81741,4.47394 c -7.81278,3.5604 -20.69844,7.49816 -24.53646,7.49816 -0.33968,0 -2.77733,-3.3762 -5.417,-7.50267 z m 375.29386,4.71698 c -9.31549,-2.59144 -23.79465,-8.5524 -23.79465,-9.79607 0,-0.40068 2.04917,-3.41306 4.55372,-6.69419 8.38494,-10.98487 13.65109,-30.13468 12.29604,-44.71326 -2.91936,-31.40861 -20.99549,-66.91845 -41.18775,-80.91169 -6.01897,-4.17116 -5.97438,-4.44639 3.15611,-19.47915 5.90753,-9.72638 7.52072,-11.36471 16.2046,-16.45712 13.76569,-8.07249 15.59085,-8.30149 19.53775,-2.45143 13.78826,20.43683 56.28184,40.68708 85.19333,40.59877 15.5902,-0.0476 32.7895,-5.6632 42.582,-13.90299 2.227,-1.87396 4.3474,-3.40719 4.7119,-3.40719 0.8637,0 4.342,8.60398 9.0275,22.33065 l 3.7539,10.99732 -4.2479,3.14359 c -13.0455,9.65414 -37.2707,18.54075 -54.9145,20.14444 -12.814,1.16471 -38.35329,-3.79071 -50.81649,-9.85999 -2.85095,-1.38834 -5.34862,-2.36132 -5.55038,-2.16218 -0.20176,0.19914 0.886,3.28484 2.41725,6.8571 9.26499,21.61434 11.91727,49.39529 6.4671,67.73866 -3.41985,11.51002 -14.63141,35.32015 -18.04306,38.31828 -2.29128,2.01356 -3.13119,1.99183 -11.34647,-0.29355 z m -241.22264,-23.0964 c -4.7973,-3.43255 -23.93219,-16.33094 -31.90536,-21.50666 -13.32202,-8.64789 -49.066,-19.24597 -65.08717,-19.29834 -10.09904,-0.033 -10.51646,-0.73547 -7.65898,-12.88883 1.34799,-5.73325 4.01733,-13.6408 5.93185,-17.57234 l 3.48096,-7.14826 7.33334,0.88508 c 28.54998,3.44575 56.64138,12.20759 73.73496,22.9983 2.80809,1.77267 7.31648,4.45327 10.01866,5.9569 2.70218,1.50362 9.25324,5.82139 14.55792,9.59505 10.3047,7.33057 10.75749,8.29058 8.2203,17.42891 -1.19213,4.29377 -9.76841,19.77464 -13.18146,23.79359 -0.48015,0.56538 -2.93041,-0.44414 -5.44502,-2.2434 z m 112.10682,-4.10022 c -4.29298,-6.23963 -12.01217,-23.19147 -12.01217,-26.37949 0,-2.28718 29.15717,-21.52128 43.42726,-28.64764 15.42378,-7.70251 33.80474,-13.37592 59.62654,-18.40414 13.78512,-2.68435 13.07701,-3.12426 19.44502,12.08024 4.14397,9.8943 6.34895,21.31868 4.35276,22.55239 -0.65882,0.40717 -7.55352,1.63249 -15.32157,2.72293 -31.9183,4.48053 -52.75142,12.9117 -77.48625,31.35871 -7.89043,5.88462 -15.14936,10.69931 -16.13095,10.69931 -0.98158,0 -3.63687,-2.69204 -5.90064,-5.98231 z M 448.84092,756.58946 c -3.3,-1.71726 -8.56342,-3.88832 -11.69648,-4.82457 -4.39017,-1.31191 -5.87116,-2.49266 -6.45822,-5.14896 -3.73772,-16.91231 -8.90533,-31.03957 -17.57229,-48.03933 -5.40042,-10.59262 -11.12112,-20.9145 -12.71265,-22.93752 -2.68468,-3.41253 -18.44144,-13.67132 -30.8937,-20.11405 -9.40847,-4.86788 -34.1829,-13.48102 -43.22113,-15.02636 -6.17498,-1.05579 -6.24256,-1.12341 -7.96713,-7.97231 -0.83393,-3.31185 -2.70549,-7.97205 -4.15901,-10.356 -3.48162,-5.71028 -3.33989,-8.70419 0.69301,-14.63914 10.56657,-15.55011 27.42012,-63.05745 26.14391,-73.69533 -1.665,-13.87872 -13.42024,-45.67822 -23.37396,-63.22973 l -7.1247,-12.56307 4.5045,-9.39932 c 2.47748,-5.16963 4.5045,-10.44514 4.5045,-11.72336 0,-3.07081 2.6353,-4.34561 15.71053,-7.59985 6.01719,-1.49759 18.50029,-6.3443 27.74021,-10.77045 9.23992,-4.42616 17.09952,-8.04756 17.46577,-8.04756 0.36626,0 4.35988,-2.43255 8.87471,-5.40567 6.27124,-4.12975 9.72262,-7.74688 14.62242,-15.32468 7.66371,-11.85233 21.07759,-42.67904 25.08264,-57.64294 2.71088,-10.12857 3.10597,-10.77637 7.02146,-11.51285 2.28192,-0.42921 7.80112,-2.50868 12.26489,-4.62104 l 8.11596,-3.84065 7.35268,4.17391 c 4.04398,2.29565 8.1918,4.83364 9.21739,5.63997 2.37046,1.8637 22.8171,10.0297 35.86469,14.32367 14.09617,4.63907 23.50421,6.61143 27.71411,5.81019 23.10164,-4.39676 56.42694,-17.17279 71.43764,-27.38728 3.80401,-2.58856 3.8442,-2.58725 10.66666,0.34769 3.76655,1.62032 9.40127,3.75413 12.5216,4.7418 5.02388,1.5902 5.83319,2.41977 7.06973,7.24682 4.64769,18.14295 10.21203,32.59013 18.79392,48.79627 7.95505,15.02239 14.93018,25.09602 18.18973,26.26998 1.25031,0.45031 3.77329,1.84615 5.60662,3.10186 13.52966,9.26695 45.93546,23.03413 61.8777,26.28793 4.54006,0.92662 5.44164,1.74586 7.00209,6.36263 0.98509,2.91448 3.38117,8.38093 5.32463,12.14766 l 3.53356,6.8486 -2.7176,4.48473 c -11.73283,19.36216 -18.93264,36.62594 -24.43247,58.58448 l -4.0967,16.35642 2.28745,9.43859 c 4.76244,19.65107 16.25371,48.47043 23.78743,59.65737 5.21843,7.74892 5.64374,9.84461 2.76871,13.64274 -1.05255,1.3905 -3.18145,6.33769 -4.73089,10.99375 l -2.81716,8.46557 -7.56004,2.08099 c -14.50006,3.99132 -20.9788,6.21739 -33.56004,11.53109 -11.21888,4.7383 -28.96619,14.35727 -34.71223,18.81388 -7.13634,5.53492 -25.68056,44.2307 -31.35104,65.41945 -1.76128,6.58131 -3.66756,12.38878 -4.23619,12.90549 -0.56863,0.51671 -3.43388,1.6971 -6.36721,2.6231 -2.93333,0.926 -8.09475,3.11505 -11.46981,4.86454 l -6.13648,3.18091 -8.53019,-5.17054 c -16.86126,-10.22038 -44.45769,-20.79045 -62.97717,-24.12171 -13.17658,-2.37018 -38.06336,4.55503 -65.55303,18.24136 -6.6,3.28595 -13.59262,7.1001 -15.53916,8.47587 -4.36786,3.08712 -4.43862,3.08265 -11.79417,-0.74504 z m 90.01407,-46.14358 3.65267,-14.72337 6.16663,0.83755 c 9.9463,1.35092 40.24042,10.63971 54.1618,16.60711 3.42426,1.4678 6.41113,2.66874 6.6375,2.66874 0.22637,0 0.81084,-1.59078 1.29883,-3.53506 2.74038,-10.91854 26.28749,-53.97077 31.16903,-56.98773 0.62881,-0.38862 6.48844,2.48647 13.02139,6.38911 6.53295,3.90263 12.05839,6.94895 12.27875,6.76958 0.22037,-0.17936 -2.62963,-5.45652 -6.33333,-11.72701 -3.7037,-6.27049 -6.73399,-12.031 -6.73399,-12.80114 0,-3.48022 34.3148,-23.51174 51.65794,-30.1557 6.38927,-2.44765 9.28664,-4.19379 8.56084,-5.15929 -1.33756,-1.7793 -6.91184,-14.95623 -7.59725,-17.95898 -0.27207,-1.19192 -2.06167,-6.66713 -3.97688,-12.16713 -4.03021,-11.57367 -8.769,-33.59177 -7.50603,-34.87559 0.77196,-0.78469 15.73196,-4.87272 26.19471,-7.15806 3.48422,-0.76105 2.45266,-1.28207 -8,-4.04065 -6.6,-1.74181 -13.36883,-3.18766 -15.04184,-3.21298 -1.67302,-0.0253 -3.36355,-0.88439 -3.75674,-1.90902 -1.85519,-4.83455 10.3493,-45.54851 18.36154,-61.25381 1.44269,-2.8279 2.43122,-5.30235 2.19673,-5.49877 -0.2345,-0.19641 -4.32635,-1.67817 -9.09302,-3.29278 -15.36183,-5.20351 -51.96403,-25.65836 -51.98834,-29.05328 -0.006,-0.89555 2.74555,-6.2919 6.11548,-11.99189 9.68382,-16.3795 9.51822,-15.98841 5.73816,-13.55104 -1.75925,1.13436 -7.2433,4.31059 -12.18677,7.05828 -4.94347,2.7477 -9.32888,5.54716 -9.74535,6.22103 -0.41648,0.67387 -1.23687,1.22522 -1.8231,1.22522 -0.96904,0 -10.77675,-13.84021 -10.77675,-15.20767 0,-0.32011 -3.04773,-5.85931 -6.77274,-12.30933 -6.41024,-11.09963 -7.74171,-14.0554 -12.83057,-28.48301 -1.16397,-3.3 -2.22526,-6.14586 -2.35842,-6.32414 -0.13316,-0.17828 -2.59625,0.80069 -5.47353,2.17549 -12.82405,6.12748 -18.27433,8.26855 -28.73227,11.28711 -13.19049,3.80728 -31.8093,8.03107 -32.37647,7.3448 -1.26669,-1.53267 -7.45601,-23.21613 -7.45601,-26.12114 0,-6.0989 -1.86246,-1.89758 -5.34681,12.06126 l -3.38894,13.57663 -5.29879,-0.21983 c -9.34198,-0.38755 -53.54224,-13.9719 -58.90706,-18.10428 -2.58229,-1.98907 -3.94299,-0.24723 -7.81143,9.99947 -2.0054,5.31188 -5.73666,13.85797 -8.2917,18.9913 -4.88807,9.82064 -18.43422,31.33334 -19.73003,31.33334 -1.1461,0 -19.55297,-10.86355 -22.23342,-13.12195 -4.02064,-3.38755 -4.21397,-0.51528 -0.35756,5.31215 4.1506,6.27198 11.36573,18.35866 11.36573,19.03971 0,0.24524 -4.95,3.76866 -11,7.82983 -11.54634,7.75067 -26.87327,15.73305 -40.33334,21.00591 -4.4,1.72366 -8.49861,3.54264 -9.10803,4.04217 -0.60941,0.49953 0.0736,3.22963 1.51772,6.06688 4.27619,8.40118 17.04957,49.22688 17.85527,57.06822 0.39012,3.79676 0.13239,3.97951 -8.93162,6.33316 -5.13334,1.33297 -11.43334,2.78156 -14,3.2191 -6.60281,1.12555 -9.75856,3.11157 -5.028,3.16428 2.00126,0.0223 7.40127,1.20537 12,2.62903 4.59873,1.42367 10.01133,2.9351 12.028,3.35874 4.55576,0.95702 4.57639,1.98525 0.39333,19.60123 -3.74904,15.78818 -6.71593,24.64672 -12.58486,37.57584 -2.278,5.01836 -4.14181,9.52142 -4.14181,10.00679 0,0.48538 3.75,2.24383 8.33334,3.90768 4.58333,1.66385 11.33333,4.56982 15,6.45772 14.03023,7.22388 35.31909,19.54646 36.7521,21.27313 1.15153,1.38751 0.39073,3.62596 -3.29403,9.69173 -2.63527,4.33812 -4.7914,8.31639 -4.7914,8.84059 0,0.5242 -1.24086,2.69571 -2.75746,4.82558 -1.5166,2.12988 -2.43013,3.8725 -2.03005,3.8725 0.87744,0 12.96777,-6.50788 19.45417,-10.47163 2.56667,-1.56846 5.26667,-2.83058 6.00001,-2.80472 2.49897,0.0881 10.3376,12.26879 20.02768,31.12157 5.32068,10.3518 10.42733,21.34226 11.3481,24.42326 l 1.67413,5.60182 3.77238,-1.95077 c 9.3835,-4.8524 28.47251,-11.7298 42.51104,-15.31591 20.25641,-5.17444 20.81654,-5.14731 21.94549,1.06305 0.97057,5.33905 6.25831,24.33333 6.77406,24.33333 0.16968,0 1.95222,-6.62551 3.96119,-14.72336 z m 46.98594,-10.34318 c -9.09447,-0.47434 -9.01597,-0.18944 -4.89221,-17.75438 2.35566,-10.03379 3.37793,-12.24738 6.7722,-14.66432 4.82514,-3.4358 6.27889,-2.9505 21.35785,7.1298 11.5681,7.73329 11.52178,6.3606 0.6224,18.44471 -7.03468,7.79933 -6.80589,7.7337 -23.86024,6.84419 z m -127.68525,-8.60013 c -4.38224,-4.58333 -7.9533,-8.63333 -7.9357,-9 0.0668,-1.39072 15.54642,-11.76071 21.31967,-14.28226 4.68263,-2.04521 6.61457,-2.30833 8.63595,-1.17616 4.40989,2.46996 5.66656,5.0197 7.93461,16.09914 1.20388,5.88094 2.47222,12.04262 2.81853,13.69262 0.6182,2.94543 0.39835,3 -12.08785,3 h -12.71751 z m 41.68017,1.36344 c -0.75986,-0.93322 -2.02224,-5.85869 -2.80529,-10.94548 -1.69254,-10.99487 -9.06709,-30.08463 -11.62197,-30.08463 -3.30425,0 -21.97833,9.55429 -26.18659,13.39794 -5.8946,5.38388 -11.15713,7.39109 -13.74567,5.24279 -1.11586,-0.92608 -4.91967,-7.29028 -8.45291,-14.14267 l -6.42406,-12.45887 9.45411,-6.44584 c 11.06643,-7.54511 20.6641,-13.23539 28.12078,-16.67227 10.17865,-4.69148 29.32441,-11.86214 33.46695,-12.53438 4.07342,-0.66102 4.28226,-0.43161 9.52977,10.46873 9.9243,20.61514 15.56658,37.40543 19.49087,58.00087 l 1.80509,9.4735 -13.47967,3.56682 c -7.41382,1.96175 -14.44496,3.85109 -15.62476,4.19854 -1.1798,0.34745 -2.76679,-0.13183 -3.52665,-1.06505 z m 60.33841,-0.57636 c -3.66667,-1.10221 -10.41375,-3.0052 -14.99352,-4.22888 l -8.32685,-2.22486 0.80036,-4.66667 c 2.93389,-17.10669 12.35973,-46.66295 19.02927,-59.66943 0.6573,-1.28181 2.31161,-4.63026 3.67625,-7.44098 1.36464,-2.81072 2.93904,-5.401 3.49868,-5.75618 1.34466,-0.85341 14.30294,2.9496 24.31581,7.13622 19.7336,8.2511 50,25.28657 50,28.14255 0,0.62295 -2.66677,5.88506 -5.92616,11.69356 -3.25939,5.80851 -6.82987,12.20811 -7.9344,14.22133 l -2.00822,3.66041 -5.06561,-2.91537 c -2.78608,-1.60346 -6.62804,-4.18822 -8.53769,-5.74393 -5.67798,-4.62561 -25.36707,-14.35802 -26.56357,-13.13051 -2.68223,2.75175 -7.13114,16.87397 -9.17591,29.12721 -1.58711,9.51065 -2.78153,13.39281 -4.17269,13.56221 -1.072,0.13053 -4.94908,-0.66447 -8.61575,-1.76668 z m -30,-42.32379 c 0,-0.84329 -0.62253,-6.49798 -1.38339,-12.56599 -2.12687,-16.96207 1.83349,-61.12519 5.8408,-65.1325 0.35363,-0.35362 1.28148,2.55463 2.0619,6.46279 0.78042,3.90815 1.80452,8.90574 2.27577,11.10574 1.4154,6.60764 2.07895,43.41917 0.93635,51.94549 -1.01751,7.59284 -1.2571,7.98483 -5.3981,8.83161 -2.89038,0.59104 -4.33333,0.37555 -4.33333,-0.64714 z m -105.93489,-10.0246 c -0.46143,-0.7466 -5.85433,-4.09134 -11.98422,-7.43274 -14.88421,-8.11339 -15.21228,-8.58716 -10.83486,-15.6468 1.94134,-3.13087 5.30075,-8.09249 7.46535,-11.02582 2.1646,-2.93333 5.39268,-9.07621 7.17351,-13.65085 l 3.23787,-8.31751 -6.22805,-2.80647 c -8.43055,-3.79895 -16.55667,-6.16152 -26.79094,-7.78913 -4.70958,-0.74899 -9.10823,-1.90715 -9.77476,-2.57369 -0.72696,-0.72696 0.11837,-5.4229 2.11257,-11.73568 1.82846,-5.78809 3.75142,-12.79963 4.27324,-15.5812 l 0.94878,-5.0574 5.50153,0.91945 c 17.8439,2.98221 46.84853,12.31501 62.40389,20.07967 l 11.56904,5.77483 -1.22851,4.4493 c -5.33514,19.32228 -11.20585,32.4703 -23.44257,52.50184 -10.3719,16.97885 -12.97085,20.20766 -14.40187,17.8922 z m 212.02189,-8.71972 c -14.2229,-19.93161 -32.51818,-62.88854 -28.4815,-66.87397 2.47135,-2.43996 29.14001,-14.10992 41.72784,-18.25971 7.97123,-2.62785 30.65521,-7.5853 34.70833,-7.5853 0.19747,0 1.1087,3.15 2.02497,7 0.91626,3.85 3.02953,10.63996 4.69615,15.08879 1.71272,4.57191 2.57451,8.82613 1.9821,9.78467 -0.57647,0.93273 -6.15335,2.4499 -12.39308,3.37148 -12.44852,1.83859 -28.99136,7.13298 -29.92991,9.5788 -0.84868,2.21162 7.9955,20.32621 12.97611,26.57757 2.30727,2.89595 5.10709,7.02187 6.22182,9.16872 2.43364,4.68692 2.0128,5.10824 -12.28649,12.30073 -5.13333,2.58204 -10.28058,5.54242 -11.43832,6.5786 -1.15775,1.03619 -2.45508,1.88398 -2.88297,1.88398 -0.42788,0 -3.54416,-3.87646 -6.92505,-8.61436 z M 379.0226,612.9426 370.17424,604.82399 V 592.32994 579.8359 l 3.66667,0.0205 c 4.42548,0.0247 23.31702,4.67512 27.0008,6.64662 6.37203,3.41021 3.40532,13.90914 -7.99084,28.27889 l -4.97992,6.27932 z m 296.20532,0.0123 c -3.30932,-4.64879 -7.27674,-10.93246 -8.81649,-13.96369 -3.94098,-7.75845 -2.01323,-11.50652 7.76284,-15.09301 7.41345,-2.71973 22.80771,-5.62676 23.95728,-4.52405 0.34317,0.32918 0.49739,6.10796 0.3427,12.84174 l -0.28125,12.24323 -8.47406,8.47407 -8.47407,8.47406 z m -222.25725,4.05127 -3.18325,-2.57764 4.42129,-5.5017 c 8.98784,-11.18416 26.09865,-28.09505 34.57155,-34.16761 13.21347,-9.47015 19.28819,-13.4736 19.7475,-13.01429 0.56743,0.56744 -9.72472,16.05786 -15.56357,23.42428 -5.40291,6.81643 -10.15228,11.62051 -23.4566,23.72683 -12.0502,10.96513 -12.64868,11.25864 -16.53692,8.11013 z m 155.90315,-0.0119 c -6.32591,-3.84702 -29.38291,-26.73091 -35.97271,-35.70265 -8.50787,-11.5831 -14.66435,-21.45576 -13.37957,-21.45576 4.79369,0 28.35898,18.03387 42.09189,32.21177 17.9921,18.57509 20.67834,22.84468 15.56083,24.73282 -1.28333,0.4735 -2.65668,1.33515 -3.05188,1.91479 -0.39521,0.57964 -2.75706,-0.1858 -5.24856,-1.70097 z M 429.50758,541.70089 c -8.91139,-1.32827 -9.68284,-1.76622 -10.28017,-5.83611 -0.74067,-5.0465 -0.99306,-4.97972 22.94684,-6.07163 19.11105,-0.87167 33.47097,0.23634 47,3.62651 10.12176,2.53635 9.00036,3.47673 -7.66666,6.42907 -8.59877,1.52316 -45.41051,2.83434 -52.00001,1.85216 z m 170.66668,0.24049 c -0.73333,-0.30555 -7.48333,-1.63013 -15,-2.9435 -7.51667,-1.31337 -13.66667,-2.77532 -13.66667,-3.24876 0,-0.47345 4.95,-1.93151 11,-3.24013 8.05399,-1.74209 17.42768,-2.41866 35.00001,-2.52621 27.78463,-0.17005 30.73211,0.34146 31.72409,5.50549 0.3889,2.02452 0.51306,3.87798 0.27591,4.11877 -1.26372,1.28315 -46.69672,3.43293 -49.33334,2.33434 z M 382.95528,527.46712 c -0.4703,-3.13616 -1.78281,-7.48616 -2.91671,-9.66667 -1.13389,-2.1805 -2.54521,-6.54372 -3.13627,-9.69602 -1.37748,-7.34656 0.18142,-8.94984 9.80145,-10.08049 12.8609,-1.51155 32.80383,-7.72753 32.80383,-10.22458 0,-2.31093 -11.46891,-22.98442 -16.26997,-29.32771 -7.50629,-9.91752 -7.07477,-11.06217 6.542,-17.35313 6.38295,-2.94893 12.61108,-6.27186 13.84029,-7.38428 2.03981,-1.846 2.78743,-1.28961 8.5633,6.37287 12.14918,16.11752 32.13069,61.85475 29.1382,66.6967 -0.7232,1.17017 -13.98366,7.68367 -30.48048,14.97192 -7.5417,3.3319 -39.65389,11.3935 -45.38434,11.3935 -0.91615,0 -2.02543,-2.52879 -2.5013,-5.70211 z m 285.21899,2.41201 c -6.6,-1.69184 -15.9,-4.10278 -20.66667,-5.35763 -9.54914,-2.51388 -41.33334,-17.13877 -41.33334,-19.01875 0,-3.20398 4.8791,-17.12094 10.40079,-29.66686 6.16122,-13.99899 24.7809,-44.60327 26.62297,-43.75889 13.23218,6.06542 28.30958,15.1396 28.30958,17.03783 0,0.60355 -2.39649,3.99745 -5.32554,7.542 -5.99912,7.25978 -13.95726,21.81243 -15.22746,27.84573 -0.81211,3.85744 -0.56779,4.1055 6.85544,6.96018 7.77839,2.99127 19.46756,6.1074 28.76764,7.66897 2.78854,0.46822 5.3924,1.69127 5.78635,2.71789 0.39395,1.02662 -1.26401,8.49351 -3.68436,16.5931 -3.18213,10.64888 -4.96891,14.6969 -6.45301,14.61952 -1.12882,-0.0589 -7.45239,-1.49125 -14.05239,-3.18309 z M 504.17425,509.59168 c -12.38608,-6.61865 -37.57059,-28.95971 -48.14657,-42.71061 -7.05223,-9.16933 -8.03085,-12.37852 -3.77474,-12.37852 1.05672,0 1.92131,-0.6 1.92131,-1.33333 0,-3.08886 4.01874,-0.76428 14.68162,8.49237 15.92908,13.82834 28.80924,28.92521 38.54125,45.1743 3.29107,5.49497 2.75732,5.95137 -3.22287,2.75579 z m 56.7965,-2.08912 c 2.10724,-4.06025 18.55145,-25.66544 24.81329,-32.60089 2.78129,-3.08048 10.09483,-9.7996 16.25231,-14.93138 l 11.19542,-9.33049 2.59888,3.30395 c 2.34937,2.98673 2.40906,3.59366 0.6217,6.32151 -3.06186,4.673 -21.2026,24.1135 -27.95357,29.95643 -6.61027,5.72115 -26.88469,20.28087 -28.24112,20.28087 -0.46414,0 -0.14325,-1.35 0.71309,-3 z m -27.87851,-13.66667 c -4.24291,-15.44111 -4.6913,-19.77679 -4.52801,-43.783 0.094,-13.81398 0.48744,-26.11398 0.87439,-27.33333 0.47895,-1.50922 2.09211,-2.17685 5.05293,-2.09123 4.3273,0.12513 4.35483,0.16911 5.42424,8.66666 1.69174,13.4427 -0.0458,49.68016 -2.90281,60.5409 l -2.45525,9.33333 z m -162.918,-14.50641 v -12.5064 l 8.89779,-8.04126 8.89779,-8.04126 3.84716,5.31085 c 7.21586,9.9612 13.47495,22.53346 11.96834,24.04007 -0.77148,0.77148 -1.12639,2.12271 -0.7887,3.00272 1.13137,2.9483 -17.15202,8.67992 -27.82238,8.72198 l -5,0.0197 z m 312.00003,9.91698 c -14.05605,-2.92306 -16,-3.74625 -16,-6.77544 0,-1.3271 -0.63881,-2.62584 -1.41956,-2.8861 -1.78248,-0.59415 6.86691,-17.63374 12.00953,-23.65918 4.31655,-5.05755 4.10199,-5.11955 15.0767,4.35679 8.42874,7.27797 8.74193,8.40836 6.80269,24.55336 -0.9667,8.04813 -0.0972,7.81527 -16.46936,4.41057 z m -191.33335,-29.3245 c -12.93061,-4.47502 -14.48867,-5.12116 -28.01979,-11.62009 -12.84989,-6.17174 -32.64688,-19.04951 -32.64688,-21.23651 0,-0.86329 0.96559,-2.371 2.14577,-3.35045 1.18017,-0.97946 4.64721,-6.85861 7.70454,-13.06478 3.05733,-6.20617 6.1733,-11.48878 6.92439,-11.73915 0.75109,-0.25036 4.82562,2.23155 9.05452,5.51535 4.22889,3.28381 11.69732,7.86536 16.5965,10.18123 15.66818,7.40642 14.15101,7.67471 18.0598,-3.19362 1.89461,-5.26793 4.06953,-13.61292 4.83316,-18.54442 1.81611,-11.72838 3.41713,-15.70431 6.31499,-15.68247 1.30148,0.01 7.46633,1.80179 13.69967,3.98217 6.23333,2.18037 12.38333,3.97235 13.66667,3.98216 2.78299,0.0213 2.76494,-0.7003 0.3273,13.08221 -2.2731,12.85217 -5.33736,24.05395 -8.64486,31.6023 -1.28531,2.93333 -3.97976,9.49836 -5.98766,14.58896 -4.3776,11.09842 -9.44699,19.45246 -11.71151,19.29983 -0.90747,-0.0612 -6.44994,-1.77239 -12.31661,-3.80272 z m 71.39524,0.91393 c -5.23164,-8.20481 -12.4439,-24.35654 -16.09079,-36.03504 -3.31899,-10.62844 -9.19707,-34.98867 -9.28356,-38.47335 -0.0115,-0.46294 2.82911,-1.54323 6.31245,-2.40065 3.48333,-0.85741 9.50584,-2.72864 13.38335,-4.15828 12.29423,-4.53291 13.62708,-3.66675 15.49157,10.06731 1.20529,8.87834 8.96005,30.00001 11.01441,30.00001 3.70784,0 22.89005,-9.85833 28.68321,-14.74119 3.43157,-2.89235 7.33157,-5.25472 8.66667,-5.24971 2.53523,0.01 7.30668,6.08649 9.6257,12.25941 0.74423,1.98101 2.93344,6.10521 4.86493,9.16489 4.13344,6.54778 4.63528,5.79905 -10.84655,16.18282 -14.79619,9.92391 -29.56922,17.15229 -47.11683,23.05406 -12.07041,4.05962 -12.32265,4.06528 -14.70456,0.32972 z m -90.72857,-56.64723 c -2.56667,-1.32216 -8.68191,-5.04681 -13.58942,-8.27701 -10.39103,-6.83954 -10.4186,-6.51351 1.51362,-17.89493 6.42967,-6.13286 8.80647,-7.62996 11.12606,-7.00807 1.62236,0.43495 6.78259,0.79901 11.4672,0.80903 l 8.51746,0.0182 -0.88491,8.63716 c -0.68574,6.69323 -3.43972,16.62539 -6.72527,24.25447 -0.0533,0.12372 -1.59565,0.59398 -3.42748,1.04501 -2.04376,0.50322 -5.13365,-0.10874 -7.99726,-1.58386 z m 116.46727,0.98855 c -3.2524,-1.31217 -4.70938,-5.10571 -8.32453,-21.67466 l -2.54554,-11.66667 6.86807,-0.17906 c 17.60158,-0.4589 18.17959,-0.2765 27.2014,8.58419 4.58334,4.50148 8.30994,8.50184 8.28134,8.88969 -0.15398,2.08815 -25.77503,17.79087 -28.20656,17.28734 -0.22446,-0.0465 -1.69784,-0.60486 -3.27418,-1.24083 z M 285.724,693.50257 c -0.8143,-9.95226 -5.35908,-30.40771 -9.54637,-42.96698 -4.01874,-12.0537 -18.11921,-36.34996 -28.87075,-49.74662 l -6.57505,-8.19267 3.05454,-2.37848 c 10.23291,-7.9681 29.1557,-15.73105 32.1957,-13.20807 7.42904,6.16555 30.89251,45.63516 35.37135,59.50072 3.44545,10.6664 10.31184,39.58972 11.47502,48.33624 l 0.93234,7.01081 -8.45994,3.93779 c -8.2321,3.83175 -22.12575,8.0406 -26.54244,8.0406 -1.76864,0 -2.35125,-1.98402 -3.0344,-10.33334 z m 481.78361,7.13091 c -6.34215,-1.78542 -20.98888,-8.49488 -21.95428,-10.05693 -1.0014,-1.6203 8.4936,-42.59328 12.50272,-53.95199 4.97331,-14.09044 12.13138,-27.68273 24.25535,-46.05779 8.6504,-13.1106 10.1432,-14.73087 13.5718,-14.73087 6.0801,0 31.591,13.3378 31.6153,16.52934 0,0.65781 -1.9655,3.65781 -4.3789,6.66667 -5.9407,7.4063 -13.9957,18.87766 -16.8268,23.96344 -1.2779,2.29564 -4.4904,8.07388 -7.1389,12.84055 -5.9827,10.76758 -10.8793,27.4361 -13.5872,46.25203 -3.0492,21.18797 -2.7597,20.42892 -7.7512,20.32465 -2.3693,-0.0495 -7.00789,-0.85009 -10.30789,-1.7791 z M 192.19386,633.80863 c -15.29072,-7.80227 -15.30347,-7.81439 -14.43858,-13.72197 2.34912,-16.04556 13.79897,-40.82812 24.2592,-52.50768 10.98862,-12.26953 31.28616,-25.52291 44.72717,-29.20482 l 5.23408,-1.43378 -17.3246,-8.50193 c -30.32773,-14.88314 -44.83455,-32.9733 -55.20616,-68.84267 -1.62851,-5.63206 -2.62624,-11.11229 -2.21717,-12.1783 1.48189,-3.86175 29.98278,-16.76747 32.179,-14.57125 0.42209,0.42209 0.76743,2.84782 0.76743,5.39052 0,7.14195 2.69464,14.73248 8.85103,24.93247 6.30447,10.44533 10.21557,14.42933 24.00105,24.44838 12.31684,8.95166 23.02888,13.71752 41.14793,18.30699 14.39698,3.64668 24.80716,4.56952 36.60135,3.24464 l 5.93469,-0.66667 2.59135,8 c 3.53994,10.92849 3.56715,30.77328 0.0546,39.78993 l -2.51528,6.4566 -17.33334,0.33502 c -15.98163,0.3089 -31.90613,2.9518 -36,5.97473 -0.73333,0.54149 -4.14713,2.02365 -7.58621,3.29368 -16.76158,6.18994 -36.05669,21.27946 -46.5597,36.4115 -4.37613,6.30484 -9.1443,20.20787 -9.17023,26.73855 -0.0241,6.06522 -3.41721,5.74585 -17.99757,-1.69394 z m 666.88394,5.15305 c -0.4969,-0.49696 -0.9106,-3.05356 -0.9193,-5.68133 -0.01,-2.62778 -0.8602,-7.94959 -1.8921,-11.82624 -8.3401,-31.33036 -56.3361,-59.65657 -99.71684,-58.85065 -10.10807,0.18778 -13.61323,-0.19784 -14.48215,-1.59324 -0.6305,-1.01255 -2.4192,-7.41537 -3.97488,-14.22849 -2.75054,-12.04606 -2.76588,-12.66901 -0.55626,-22.60081 3.72609,-16.74808 3.10156,-16.14579 15.9133,-15.34649 36.49273,2.2767 78.27033,-18.35096 97.24643,-48.01538 4.7754,-7.46504 6.8675,-13.58561 8.1598,-23.87146 0.7577,-6.03029 0.8935,-6.18958 4.416,-5.17933 5.0087,1.43646 23.0306,10.12345 26.0013,12.53321 3.3434,2.71212 2.0407,10.90809 -4.5372,28.54607 -6.0769,16.29447 -12.3328,26.14826 -23.4745,36.97515 -9.77,9.49389 -18.5931,15.06236 -33.5986,21.20471 -11.3212,4.63424 -11.7155,5.18371 -4.8218,6.71919 5.9994,1.33629 23.8925,11.4129 33.1705,18.68016 4.5077,3.53081 10.6716,9.79229 13.6974,13.9144 6.4813,8.82958 15.1146,24.49307 16.6242,30.16142 0.5859,2.2 1.9021,7 2.9248,10.66666 4.3154,15.47128 5.363,13.32258 -10.0426,20.59911 -15.3836,7.26619 -18.8326,8.4982 -20.1375,7.19334 z M 263.34772,492.69026 c -9.93676,-4.0875 -20.42755,-10.61731 -20.83159,-12.96627 -0.17863,-1.03845 3.91292,-7.5881 9.09234,-14.55477 11.2448,-15.12503 20.75589,-32.10456 24.66299,-44.02924 3.15949,-9.64292 7.89536,-32.39459 9.25114,-44.44356 l 0.87837,-7.80614 7.38144,0.92225 c 13.77683,1.7213 30.40095,9.56265 29.21826,13.78181 -0.34558,1.23285 -1.32441,6.74154 -2.17517,12.24154 -4.59893,29.73129 -11.98642,49.5223 -28.35455,75.96156 -16.63878,26.87643 -15.8874,26.3374 -29.12323,20.89282 z m 524.52958,-4.00503 c -12.6845,-16.96138 -32.30318,-53.11706 -32.35341,-59.6248 -0.009,-1.15983 -1.21521,-5.95983 -2.68055,-10.66667 -4.07118,-13.07699 -7.88525,-37.00473 -6.12303,-38.41305 5.71062,-4.56377 32.87719,-13.83273 34.82719,-11.8827 0.3192,0.31917 1.4976,7.57744 2.6187,16.12949 1.121,8.55204 2.6152,16.91249 3.3204,18.57878 0.7052,1.66628 2.2447,6.89489 3.4212,11.61914 3.9651,15.92284 14.949,36.19703 30.2886,55.90691 l 6.6126,8.49644 -3.8174,3.19813 c -5.3532,4.48486 -14.551,9.13588 -23.0593,11.66029 -3.9831,1.18179 -7.3467,2.1487 -7.4747,2.1487 -0.128,0 -2.6392,-3.2178 -5.5803,-7.15066 z M 362.64218,402.83588 c -8.54058,-11.64273 -25.2098,-23.5722 -42.14824,-30.16374 -13.91281,-5.41412 -25.24653,-8.61388 -33.65304,-9.50098 -17.707,-1.86855 -42.76925,4.4216 -50.73182,12.73273 -2.0719,2.16259 -4.22676,3.93199 -4.78858,3.93199 -1.37272,0 -6.01797,-10.42986 -10.08672,-22.64743 l -3.32383,-9.98077 4.19252,-3.50008 c 10.10794,-8.43848 31.29336,-16.72517 50.73843,-19.84636 15.24842,-2.44758 36.43415,1.59733 59.02487,11.26938 2.12143,0.90827 2.2052,0.62622 0.83439,-2.80922 -0.83809,-2.10037 -2.71609,-6.81886 -4.17333,-10.48552 -5.44753,-13.7069 -6.57085,-19.86615 -6.68724,-36.66667 -0.10919,-15.75978 0.94179,-22.97338 4.75932,-32.66667 3.19863,-8.12181 14.57564,-29.95039 16.39862,-31.46332 1.4697,-1.21974 4.29199,-0.75167 12.86309,2.13334 11.68712,3.93384 20.98029,8.17044 20.98029,9.56455 0,0.46588 -1.41343,2.70369 -3.14095,4.97291 -11.37329,14.93958 -15.66842,38.98069 -10.78671,60.37645 2.57797,11.29886 9.33746,30.21665 13.01177,36.41608 7.98632,13.47477 19.67305,26.76104 30.09536,34.21443 0.94779,0.6778 -2.97146,9.05356 -8.02621,17.15272 -3.68613,5.90623 -7.23934,9.48556 -13.41695,13.51558 -15.73639,10.26578 -16.81165,10.43493 -21.93504,3.4506 z m 332.33817,2.95983 c -13.15888,-6.82691 -27.46098,-21.6089 -31.11999,-32.16418 -1.43271,-4.133 -1.2483,-4.41761 10.86729,-16.7718 10.51349,-10.72053 13.33857,-14.60944 19.22344,-26.46232 9.05264,-18.23319 12.11243,-29.26461 13.09973,-47.2282 1.12303,-20.43325 -3.22409,-35.88302 -13.19666,-46.9013 -1.44427,-1.59572 -2.1908,-3.60538 -1.65895,-4.46592 2.78891,-4.51256 30.0225,-13.87218 32.55434,-11.18826 3.64527,3.86424 15.35096,26.78883 18.32544,35.88881 3.0116,9.21355 3.49558,13.02799 3.55263,28 0.0708,18.57402 -2.0358,28.39239 -9.34045,43.53421 -1.79398,3.71875 -3.07829,6.92054 -2.85401,7.1151 0.22428,0.19456 6.40778,-2.0499 13.74111,-4.98769 17.81308,-7.13605 28.62523,-8.64558 47.16173,-6.58442 17.9693,1.99809 26.7646,4.96922 42.5124,14.36099 12.0518,7.18758 12.324,7.4598 11.6246,11.62752 -1.6371,9.75632 -8.2761,26.39958 -11.2685,28.24896 -0.7377,0.45591 -3.5963,-0.9744 -6.3524,-3.17848 -2.7561,-2.20407 -8.6111,-5.68638 -13.0111,-7.73846 -7.6203,-3.55395 -8.9178,-3.72932 -27.3334,-3.69444 -18.22597,0.0345 -20.03534,0.27978 -31.58972,4.28214 -13.8037,4.7815 -27.15714,11.00801 -33.02625,15.39964 -2.16709,1.62155 -8.76504,7.70268 -14.6621,13.51361 -5.89706,5.81094 -11.42217,10.70055 -12.27802,10.8658 -0.85585,0.16524 -3.09287,-0.49684 -4.97116,-1.47131 z M 520.84092,331.87529 c -15.39452,-3.56339 -14.3134,-2.14329 -13.61343,-17.88209 0.63364,-14.24709 -0.78945,-22.98946 -6.498,-39.91874 -3.08237,-9.1411 -10.58331,-24.33157 -14.08704,-28.52828 -1.35751,-1.626 -4.2682,-5.45265 -6.4682,-8.50367 -8.59603,-11.92123 -28.5439,-23.84944 -41.64234,-24.90086 -10.51389,-0.84396 -10.55196,-1.29841 -1.67035,-19.94069 l 6.6873,-14.0365 6.3127,0.84315 c 3.47198,0.46374 11.91822,2.93009 18.76942,5.48079 29.50021,10.98292 46.55134,26.86949 60.28759,56.17008 3.26244,6.95905 5.83312,11.01917 6.2328,9.84406 6.76865,-19.9007 17.06579,-35.256 32.98276,-49.18458 10.95124,-9.58318 34.68904,-20.34277 49.29778,-22.34512 l 5.76645,-0.79038 5.43511,9.16004 c 5.31221,8.95289 9.54079,18.99651 9.54079,22.661 0,1.21086 -1.60872,1.83237 -4.7429,1.83237 -12.92496,0 -28.31683,7.98185 -41.60058,21.57306 -12.21977,12.50259 -22.34755,31.61384 -27.78305,52.42694 -3.00218,11.49569 -3.40301,15.31935 -2.90828,27.74312 0.67388,16.92251 1.37961,16.04887 -15.34137,18.99157 -12.83441,2.25871 -12.10793,2.27895 -24.95716,-0.69527 z m -142.80811,-9.03941 c -4.9071,-6.06436 -9.8227,-19.56775 -10.76266,-29.56558 l -0.42924,-4.56557 14,-2.34464 c 42.17747,-7.06363 57.81289,-13.68935 87.08801,-36.90472 8.56092,-6.78887 9.22909,-7.07917 11.52058,-5.0054 4.65329,4.21117 14.65072,25.60501 14.70535,31.46849 0.0162,1.74222 -6.57592,7.91741 -8.45201,7.91741 -0.31866,0 -5.44529,3.29448 -11.39251,7.32107 -24.46167,16.56185 -43.0442,23.89494 -79.34848,31.31269 -15.90363,3.24946 -14.61852,3.22166 -16.92904,0.36625 z m 296.80812,-0.4515 c -26.75528,-4.8724 -46.38828,-11.21262 -61.10516,-19.73309 -6.4745,-3.74848 -12.05619,-6.81541 -12.40376,-6.81541 -0.80319,0 -21.69612,-14.37656 -24.87493,-17.1166 -2.50338,-2.15783 -2.32393,-5.97061 0.66909,-14.21674 1.93158,-5.32173 12.05478,-22 13.35333,-22 0.56378,0 5.07575,3.27039 10.02658,7.26753 12.04135,9.72179 39.0824,25.06056 49.00152,27.79562 20.68985,5.70496 29.09941,7.58229 40.07391,8.94604 6.51892,0.81007 12.00966,1.62994 12.20165,1.82193 1.09684,1.09683 -4.32722,21.29853 -7.38421,27.50222 -3.29145,6.67949 -4.02724,7.35247 -8.25249,7.54795 -2.55137,0.11804 -7.63886,-0.33172 -11.30553,-0.99945 z"
       id="path1" />
  </g>
</svg>
